27 4 1 3
0 0 0 0 1 8 G0
0 0 0 0 1 10 G1
0 0 0 0 1 13 G2
0 0 0 0 1 12 G3
11 1 10 1 17 0 G17
10 0 0 1 16 1 15 XG1
10 0 0 1 26 1 9 XG2
10 0 0 1 13 1 10 XG3
9 0 1 1 0 2 18 19 XG4
2 0 3 2 6 18 2 20 21 XG5
5 0 1 2 7 1 2 22 23 XG6
4 0 5 2 20 22 1 14 XG7
4 0 5 2 21 3 1 14 XG8
5 0 3 2 23 2 1 7 XG9
3 0 6 2 11 12 1 15 XG10
5 0 7 2 14 5 3 24 25 26 XG11
5 0 9 2 24 19 1 5 XG12
9 0 9 1 25 1 4 XG13
8 0 2 1 8 1 9 XG4_buf0
8 0 2 1 8 1 16 XG4_buf1
8 0 4 1 9 1 11 XG5_buf0
8 0 4 1 9 1 12 XG5_buf1
8 0 2 1 10 1 11 XG6_buf0
8 0 2 1 10 1 13 XG6_buf1
8 0 8 1 15 1 16 XG11_buf0
8 0 8 1 15 1 17 XG11_buf1
8 0 8 1 15 1 6 XG11_buf2
